$ANSIBLE_VAULT;1.1;AES256
62653437356566313335323863316437376363623331636334343739633936353866356333633266
3937636638623234396235653336376435613462636464340a623163616664356165653264623735
62333132303262353764383130323236633232353663653530383238643866636161343332313966
6134333633326163620a346162326338323932663365373033653264653236343936393466613636
38656639653437383030623835663934363135333763343636346165656364613639643763386134
32623261666661396430343665363432376136393036313366656435333464306439343566643762
39383831396238306566303536326138613633303736613032323961356537313364653361393463
39353135666565373036393063623164373230666231663931383962626436653830326365303335
35323866666164343835373936383035636239343133633533306635326463613865313764356263
39393839666135656431626662313561383635386562616435393337396263373864633561303534
32363364363331316461633031323236363830373037373135633234356538326430353930346631
36313337303835666631333864353736373535643130646166343865656664663033663933336266
37313435343333363635333165393961316564303361643131393237346265353264346563373731
32643336353863366131633739623766376665643664643365346366633832396464363532626461
62373734316331666332373735396435363130356562353533633366353939643262393335613866
35326466333436396661666536643164363862313333333065643365316633393562393762386533
39346166313538643832363464356565356563386230616432326136346435333631626239396163
31303862316664636333393537326266336535346336636465376638323035656163653736323365
39323533323233363333666164393265633539353762366465636430386538343937646133643166
30613363623764373532383339303239356333376162643238643036653464633936323932666662
31393265343434356435313664646138386464383162636133386237343736396263323233666262
30653030366232396264343833333332663335313337633833666637373735626265663461306538
66306535373137383466363231346561343566626263373330623135343763613133366366376537
33386633313932326330373663623632616435386632363764333732666538636337633031303935
31336339633230663938386661623965623232633562666164383234373031323937316365653363
61396665633131343866613533366166363863636465336435366437316230343435386562353537
35643935303962336163373561666535383562613331393339393135646336396563313666366162
38613836663961323766383437646638393666356665656335616363626661653461383639623436
66386130616130353433376363333332386464333638316435623135626338323436393939343365
64646163633233643434653139656261633364373562306363386439366131346634356563643735
62373339613861373937346236323265366236323137386661613162343166363561613334323234
64363163336532353666653036343032373935633531636161376338303930373464353462363630
34383035313633643266356530353764396363313933333239656531373335313734373365666162
62653433396564653935633466393939393561613565373164323338346665353466353332323131
34363164356365616437616165366131613732346265383133383765666164326532643435363661
62383834386338613163336231636238393231363661636537306333666331366231346237653963
65353665393363346263316661363162616261643830336232373034313731323161653238623265
31623632373866393762366538393130626263626230346238633764323562313366653264626333
32616137383230663966623631633964623533666238336231373236636633333239343037303932
32333532386535393735636362643065393463323161653064623531356432646134653065643064
30306666396536366533333639623833666537386634363839636337363538633862346263636435
32633830313762336239663437306264383731386135623330373239393733353433663761373539
33336539623931323239356562633933363939613337643533613138303032316235663634663137
37373433323764333532666634363430313566663235376463396132346236313565636666653032
35306133666637653036343936333035616232303439666265363965323230313763643831646630
66303439373063353633653864396534333333316137343834656365663462323534313163613561
39313332313537313037336263636637336336313464623835613333376564636562383337353561
38373237306139343164353738393535653830653565363332306538303563613563393664326238
64346336373537346136643065666264653263353139323265663563626232383765386636336162
61626539616532383464333262616262303361626466373661356133366538393565363434633538
36303166313732323965633132643965356666653864376464666437393439623136333964383537
38313336396632653336383265616163323862646166393461386235653335336364653365623237
34383134373530303437653139613933336332396634633466383036346162643163363262383339
35653361393462376665623364313066383639303531306164363730353539373765633934616439
37306536663931656163386336336364353736366131313732363533396665326437393030653131
62646235386232306662366230303739343233653034623936356563316664346538303263363435
38363933643835633036346632313563366462623665613731316437646266313966653766656337
32643837653932353037653736393865656137343362653837306237646234386565353764303861
30333530666334343438356532653635656339343366623539366237613334343539333636623032
34613537386362633766333062343461373761326666663538346433653437396563326634346332
37343664323431613430303533626237316435346333333063633762333031376339343563636430
30386633636137616261373932653164356332363032313337333466616337333161336365326366
30643566316535376663613039636234343439343165303263303937643561613937363235386233
31356539626562333166306662643366646538646434336661336634353930353361383336393737
38636630323133376230613932306130396333363836383637373939306663363233326433316438
32643665636636363961626537393833323937393066323239363632663166323463303763633664
64616366326163313261653038306461643739663537353963333365353835333333623462323336
31383138363763386133303762643762633439363536303138376438363262343662366266346161
37306539666339336232646136343564353165356466663031666563313231323831623065326663
63356330623163386438323731333866653064363837613633633338653366333833396538646334
36333335646531383837636634343861653834376162633765336335663534666566303061303861
62383637663561343565303832323136393533323330613535636464313364663533383865336437
37383633613736343336333339656461663932383165376266626431636262303466613461343762
36316166333037353965386533363339343530316132363930323337653739353162333237646135
30373333623330376134366561303665343433373366643235333866353236653766343465383833
32323138376430303338656338373333313961383731393136346233623035356464343634663363
34643732353732346439323730386333643966333566636261373763336163336233643436316465
35353239343236623836623936303334386266323636333436643631303439353166643861386133
37636363363836633938643762393664376334656661366238326338313665313833633339636639
63656530633361656432363037633038393163643631653235633163373632313630633335356238
34323262376435393830326662366637636335303232383234643132376137373231303663353531
61313130323137366262333434326438346337316533343734623536306334663066333961653130
30616161636462663439356637663430613433353962346538303363363463653362626661613763
35346437333234373939323566653439323334326636396465363336323662643066306434383638
31653030336539663063373663623733343931643935343930646236363366336530393530396538
31373164306265633661623039363061356235663839623362666335353639643134373264316531
66323762653064366130666264623839643539393430303132356430313336616362616562323634
37356134316239323764616435383634353939326130353564333738653238313066633063326535
38646634346139666462616338643161633264326666386634653436613732643333373261303434
34376631656237306631323164303537666466373934326230643133636634343765633331316530
66626334326434633461356433353661633164383264373736366331623739613436363739366530
34653263663566303133626465326665343735396165363333626163313732363264656631393964
34353833323963616533616564343931313537356137343831613063613834373161323438343830
39613064633232306466343532366664653537653932626165363232383065353238383833623933
31613634386133653265336633633734303062353131306434366266356532343539363261373237
39616134353435373132
